int mapa3[L][C] =
	{
		{ 1,1,1,1,1,1,1,1,1,1,1,1,1,1,1,1,1,1,1,1,1,1,1,1,1,1,1,1,1,1,1,1 },
		{ 1,0,0,0,0,0,0,0,0,0,0,0,0,0,0,0,0,0,0,0,0,0,0,0,0,0,0,0,0,1,8,1 },
		{ 1,0,1,1,1,1,1,1,1,1,1,1,0,1,1,1,1,1,1,1,1,1,1,1,1,1,1,1,0,0,5,1 },
		{ 1,0,1,0,0,0,0,0,0,0,0,1,0,0,0,0,0,0,0,0,0,1,1,1,1,1,1,1,0,1,0,1 },
		{ 1,0,1,1,1,1,0,1,1,1,0,1,1,1,1,1,1,1,1,1,0,0,0,0,0,0,0,0,0,1,1,1 },
		{ 1,0,1,0,0,0,0,0,0,1,0,0,0,0,0,0,0,1,7,1,0,1,1,1,1,1,1,1,1,1,0,1 },
		{ 1,0,1,1,1,1,1,1,0,1,0,1,1,1,1,1,0,0,5,1,0,0,0,0,0,0,0,0,0,0,0,1 },
		{ 1,0,1,0,0,0,0,0,0,1,0,1,0,0,0,1,0,1,0,1,0,1,1,1,1,1,1,1,1,1,1,1 },
		{ 1,0,1,0,1,1,1,1,1,1,0,1,0,1,0,1,0,1,1,1,0,0,0,0,1,0,0,0,0,0,0,1 },
		{ 1,0,1,0,1,0,0,0,0,0,0,1,0,1,0,1,0,1,1,1,1,1,1,0,1,0,1,1,1,1,0,1 },
		{ 1,0,1,0,1,0,1,1,1,1,1,1,0,1,0,1,0,1,1,0,0,0,0,0,1,0,1,0,1,1,0,1 },
		{ 1,0,1,0,1,1,1,1,1,1,1,0,0,1,0,1,0,0,1,1,1,0,1,0,1,0,1,0,0,0,0,1 },
		{ 1,0,0,0,0,0,0,0,0,0,0,0,1,1,0,1,1,0,1,0,0,0,1,0,0,0,1,0,1,1,1,1 },
		{ 1,1,0,1,1,1,1,1,1,1,1,0,1,1,0,0,0,0,0,0,1,1,1,1,1,1,1,0,1,1,1,1 },
		{ 1,6,5,0,1,0,0,0,0,0,0,0,1,1,1,0,1,1,1,0,0,0,0,0,0,0,1,0,0,0,0,1 },
		{ 1,1,1,1,1,1,1,1,1,1,1,1,1,1,1,1,1,1,1,1,1,1,1,1,1,1,1,1,1,1,1,1 }
	};